0 0 2 1 0 26 0 0 1 0 0 1 0 1 18 2 0 1 0 0 1 2
0 0 5 0 0 121 0 0 0 2 0 1 1 1 20 3 0 0 1 0 1 2
0 0 7 0 0 128 1 0 0 2 0 4 2 0 44 3 0 0 0 0 1 2
0 0 3 0 0 0 0 0 0 1 0 1 0 0 44 3 0 0 0 0 1 3
0 0 1 0 0 22 0 0 0 0 0 0 0 1 42 6 0 0 0 0 1 3
0 0 9 0 0 207 0 0 0 1 0 0 6 1 60 9 0 0 0 0 1 3
1 0 2 1 0 0 0 0 1 0 0 1 0 1 18 2 0 1 0 0 1 2
1 0 0 1 1 285 0 0 0 0 0 0 0 0 107 3 0 0 0 0 1 2
0 0 18 0 0 159 1 0 0 1 0 9 3 1 44 20 0 0 0 0 1 2
0 0 3 0 0 555 0 0 0 0 0 0 3 1 27 9 0 0 0 1 1 2
0 0 8 0 1 0 0 0 0 0 0 1 0 0 114 3 0 0 0 0 1 2
0 0 3 0 1 177 0 0 0 1 0 2 0 0 41 3 0 0 0 0 1 2
0 0 2 0 0 175 0 0 0 1 0 1 0 0 38 3 0 0 0 0 1 3
0 0 4 0 0 142 0 0 0 1 0 2 0 1 47 14 0 0 0 0 1 3
0 0 2 0 0 0 0 0 0 0 0 0 0 1 47 16 0 0 0 0 1 3
0 0 4 0 1 21 0 0 0 1 0 2 2 0 96 3 0 0 0 0 1 2
0 0 11 0 0 0 0 0 1 1 0 6 5 1 28 11 0 0 0 0 1 3
0 1 13 0 0 0 0 0 0 3 0 5 1 1 65 11 0 0 0 1 1 2
1 0 3 1 0 0 0 0 1 0 0 2 1 1 18 2 0 1 0 0 1 2
