0 0 3 1 0 55 0 0 0 0 0 2 3 1 41 6 0 0 0 0 1 3
0 0 5 0 0 121 0 0 0 2 0 1 1 1 20 3 0 0 1 0 1 2
0 0 8 0 0 128 1 0 0 2 0 5 2 0 44 3 0 0 0 0 1 2
0 0 3 0 0 0 0 0 0 1 0 1 0 0 44 3 0 0 0 0 1 3
0 0 1 0 0 22 0 0 0 0 0 0 0 1 42 6 0 0 0 0 1 3
0 0 4 0 0 111 0 0 0 0 0 0 0 0 75 3 0 0 0 0 1 3
0 0 9 0 0 207 0 0 0 1 0 0 6 1 60 9 0 0 0 0 1 3
0 0 14 0 0 67 1 0 0 1 0 4 2 1 140 16 0 0 0 0 1 3
0 0 5 0 0 46 0 0 0 0 0 2 2 0 56 3 0 0 0 0 2 3
0 0 4 0 0 10 0 0 0 0 0 0 0 0 33 7 0 0 0 0 1 3
0 0 1 0 0 140 0 0 0 1 0 0 0 1 36 11 0 0 0 0 6 3
0 0 2 0 0 0 0 0 1 0 0 1 0 1 18 2 0 1 0 0 1 2
1 0 0 1 1 285 0 0 0 0 0 0 0 0 107 3 0 0 0 0 1 2
0 0 18 0 0 159 1 0 0 1 0 9 3 1 44 20 0 0 0 0 3 2
0 0 3 0 0 0 1 0 0 0 0 1 0 1 27 5 0 0 0 0 2 3
0 0 12 0 0 100 0 0 0 3 0 6 4 1 33 9 0 0 0 0 2 3
0 0 9 0 0 0 0 0 0 1 0 2 2 1 44 6 0 0 0 0 2 3
0 0 11 0 0 0 0 0 0 2 0 2 2 1 47 6 0 0 0 0 1 3
0 0 1 0 0 19 0 0 0 0 0 0 0 1 21 3 0 1 0 0 1 2
0 0 3 0 1 8 0 0 0 3 0 0 0 1 52 26 0 0 0 1 1 2
0 0 3 0 1 177 0 0 0 1 0 2 0 0 41 3 0 0 0 0 1 2
0 0 2 0 1 88 0 0 0 0 0 0 1 1 25 5 0 0 0 0 1 2
0 0 2 0 0 175 0 0 0 1 0 1 0 0 38 3 0 0 0 0 1 3
0 0 4 0 0 142 0 0 0 1 0 2 0 1 47 14 0 0 0 0 2 3
0 0 2 0 0 0 0 0 0 0 0 0 0 1 47 16 0 0 0 0 1 3
0 0 5 0 1 21 0 0 0 1 0 4 3 0 96 3 0 0 0 0 1 3
0 0 11 0 0 0 0 0 0 1 0 6 5 1 28 11 0 0 0 0 1 1
0 1 12 0 0 0 0 0 0 3 0 5 1 1 65 11 0 0 0 1 3 2
0 0 4 0 0 139 0 0 0 0 0 3 3 0 38 3 0 0 0 0 1 3
0 0 4 0 0 0 0 0 0 1 0 1 2 0 35 3 0 0 0 0 1 3
0 0 5 0 1 0 2 0 0 4 0 1 0 1 24 5 0 0 0 0 1 2
0 0 1 1 1 58 0 0 0 0 0 0 1 1 18 7 0 0 0 0 5 2
0 0 8 0 0 50 0 0 0 2 0 3 0 1 76 7 0 0 0 1 1 2
0 0 8 0 0 66 0 0 0 1 0 1 0 1 72 18 0 0 0 0 1 3
0 0 8 0 0 1099 0 0 0 2 0 5 0 1 39 19 0 0 0 0 2 3
0 0 3 0 0 240 0 0 0 0 0 2 2 0 46 3 0 0 0 0 1 3
0 0 1 0 1 6 0 0 0 0 0 0 0 1 32 10 0 0 0 1 1 2
1 0 2 1 0 62 0 0 1 0 0 0 0 1 18 2 0 1 0 0 1 2
0 0 2 0 1 49 0 0 0 1 0 0 0 1 159 5 0 0 0 0 1 2
0 0 18 0 0 188 6 0 0 1 0 8 8 1 21 9 0 0 0 0 1 2
0 0 3 0 0 27 0 0 0 0 0 2 2 1 32 8 0 0 0 1 5 2
0 0 1 0 0 33 0 0 0 0 0 0 0 1 55 10 0 0 0 0 3 3
0 0 1 0 0 124 0 0 0 0 0 0 0 1 20 3 0 0 1 0 1 2
0 0 3 1 0 36 0 0 1 0 0 1 0 1 18 2 0 1 0 0 1 2
0 0 7 0 0 0 0 0 0 1 0 2 3 1 86 13 0 0 0 0 1 3
0 0 2 0 0 27 0 0 0 0 0 2 0 1 20 3 0 0 1 0 1 3
1 0 2 1 0 177 0 0 1 0 0 1 1 1 21 3 0 1 0 0 1 2
0 0 2 0 1 40 0 0 0 0 0 0 0 1 22 11 0 0 0 0 1 2
0 0 2 1 0 29 0 0 1 0 0 1 0 1 18 2 0 1 0 0 1 2
0 0 4 0 0 169 0 0 0 0 0 0 0 1 27 9 0 0 0 0 1 3
0 0 5 0 0 0 0 0 0 0 0 3 2 0 29 3 0 0 0 0 1 3
0 0 1 0 0 6 0 0 0 0 0 0 0 1 32 7 0 0 0 0 1 3
0 0 1 1 0 0 0 0 1 0 0 0 0 1 18 2 0 1 0 0 2 2
0 0 1 0 0 116 0 0 0 0 0 0 0 1 33 9 0 0 0 0 5 3
0 0 3 0 0 0 0 0 0 1 0 2 0 0 117 3 0 0 0 0 1 3
0 0 1 0 0 17 0 0 0 0 0 1 1 0 27 3 0 0 0 0 2 3
0 0 1 0 1 486 0 0 0 0 0 0 0 1 41 8 0 0 0 0 2 2
0 0 2 0 0 6 0 0 0 0 0 0 0 1 36 12 0 0 0 0 2 3
0 0 2 0 0 21 0 0 0 0 0 2 2 1 29 6 0 0 0 0 1 3
0 0 2 0 1 125 0 0 0 0 0 0 0 1 36 12 0 0 0 0 1 2
0 0 1 0 0 34 0 0 0 0 0 0 0 1 20 5 0 1 0 0 1 2
0 0 4 0 1 364 0 0 0 0 0 3 3 0 30 3 0 0 0 0 1 2
0 0 2 0 1 604 2 0 0 0 0 2 0 1 40 11 0 0 0 0 3 2
0 0 3 0 0 103 0 0 0 0 0 2 3 1 20 3 0 0 0 0 2 3
0 0 6 0 1 315 0 0 0 1 0 4 3 1 21 3 0 1 0 0 1 2
0 0 1 0 0 52 0 0 1 0 0 1 0 1 18 2 0 1 0 0 1 2
0 0 9 0 0 49 0 0 0 2 0 3 5 0 78 3 0 0 0 0 1 3
1 0 2 1 0 192 0 0 1 0 0 1 1 1 19 4 0 1 0 0 1 2
0 0 27 0 0 0 0 0 0 4 0 21 7 1 40 19 0 0 0 0 1 3
0 0 2 1 0 48 0 0 1 0 0 0 0 1 18 2 0 1 0 0 1 2
0 0 2 0 0 168 0 0 1 0 0 1 1 1 19 3 0 1 0 0 1 2
0 0 3 0 1 310 0 0 0 2 0 1 1 0 96 3 0 0 0 0 1 3
0 0 3 1 1 150 0 0 0 0 0 2 3 1 41 6 0 0 0 0 1 3
0 0 6 0 1 0 0 0 0 1 0 2 0 1 80 13 0 0 0 0 1 2
0 0 1 0 1 307 0 0 1 0 0 0 0 0 136 3 0 0 0 0 1 2
0 0 1 0 1 179 0 0 0 0 0 0 0 1 32 7 0 0 0 0 1 2
0 0 1 0 0 76 0 0 0 0 0 0 0 1 49 4 0 0 0 0 1 3
0 0 4 0 0 212 0 0 0 1 0 2 1 0 38 3 0 0 0 0 2 3
0 0 7 0 0 43 0 0 0 2 0 4 0 1 40 20 0 0 0 0 1 3
0 0 4 0 0 0 0 0 0 0 0 1 0 1 28 9 0 0 0 0 1 3
0 0 2 0 0 60 0 0 0 0 0 0 0 1 27 15 0 0 0 0 1 3
1 0 5 1 1 29 0 0 0 1 0 1 0 1 81 14 0 0 0 0 1 2
1 0 2 1 0 233 0 0 1 0 0 1 1 1 21 3 0 1 0 0 1 2
0 0 2 0 0 0 0 0 0 1 0 1 0 0 38 3 0 0 0 0 1 3
0 0 2 0 0 153 0 0 1 0 0 1 1 1 19 3 0 1 0 0 1 2
0 0 12 0 1 117 0 0 0 2 0 2 1 1 85 23 0 0 0 0 1 2
1 0 2 1 0 331 0 0 1 0 0 1 1 1 19 3 0 1 0 0 1 2
0 0 8 1 0 0 0 0 0 1 0 3 2 0 69 3 0 0 0 0 1 3
0 0 1 0 0 0 0 0 0 0 0 1 0 1 34 15 0 0 0 0 3 3
0 0 25 0 0 0 1 0 0 2 0 6 7 1 46 11 0 0 0 0 1 2
1 0 2 1 0 192 0 0 1 0 0 1 1 1 19 3 0 1 0 0 1 2
0 0 7 0 0 90 0 0 4 1 0 2 1 0 41 3 0 0 0 0 1 3
0 0 17 0 0 0 0 0 0 1 0 7 5 1 106 13 0 0 0 0 2 3
1 0 2 1 0 150 0 0 1 0 0 1 1 1 19 3 0 1 0 0 1 2
0 0 2 0 0 74 0 0 0 0 0 2 0 1 20 3 0 0 1 0 1 2
0 0 2 0 0 0 0 0 0 0 0 0 1 0 30 3 0 0 0 0 2 3
0 0 3 1 1 0 0 0 0 1 0 3 2 0 31 3 0 0 0 0 1 2
0 0 2 0 0 212 0 0 1 0 0 1 1 1 19 3 0 1 0 0 1 2
0 0 8 0 1 18 0 0 0 2 0 3 0 1 38 19 0 0 0 0 2 2
0 0 18 0 0 420 2 0 0 4 0 10 8 0 47 3 0 0 0 0 1 2
1 0 2 1 0 155 0 0 1 0 0 1 1 1 20 4 0 1 0 0 1 2
0 0 2 0 0 86 0 0 0 0 0 2 2 1 54 9 0 0 0 0 2 3
1 0 2 1 0 310 0 0 1 0 0 1 1 1 19 3 0 1 0 0 1 2
0 0 3 0 0 0 0 0 0 0 0 0 0 1 40 19 0 0 0 0 2 3
0 0 2 1 0 0 0 0 0 1 0 0 0 0 95 3 0 0 0 0 1 3
1 0 2 1 0 150 0 0 1 0 0 1 1 1 19 3 0 1 0 0 1 2
0 0 3 0 0 233 0 0 0 0 0 0 0 1 82 1 0 0 0 0 1 2
0 0 3 0 0 0 0 0 0 0 0 0 0 1 82 1 0 0 0 0 1 2
0 0 2 0 0 150 0 0 1 0 0 1 1 1 19 3 0 1 0 0 1 2
0 0 1 0 0 0 0 0 0 0 0 0 0 0 31 3 0 0 0 0 2 3
0 0 7 0 1 10 0 0 0 2 0 2 0 1 26 6 0 0 0 0 2 2
1 0 2 1 1 215 0 0 1 0 0 1 1 1 19 3 0 1 0 0 2 2
0 0 16 0 0 195 1 0 0 5 0 10 4 0 65 3 0 0 0 0 1 2
0 0 5 0 0 12 1 0 0 0 0 2 4 1 28 16 0 0 0 0 1 3
1 0 2 1 0 188 0 0 1 0 0 1 1 1 19 3 0 1 0 0 1 2
0 0 2 0 0 0 0 0 0 1 0 1 1 0 30 3 0 0 0 0 3 3
0 0 7 0 0 131 0 0 0 1 0 4 3 0 206 3 0 0 0 0 1 3
0 0 5 0 0 18 0 0 0 0 0 0 2 0 26 3 0 0 0 0 3 2
0 0 17 0 0 6 1 0 0 4 0 4 3 0 39 3 0 0 0 0 1 2
1 0 2 1 0 0 0 0 1 0 0 1 0 1 18 2 0 1 0 0 3 2
0 0 2 0 1 68 0 0 0 0 0 2 0 1 27 6 0 0 0 0 1 2
0 0 3 0 0 47 0 0 0 0 0 0 0 1 82 6 0 0 0 0 2 3
1 0 4 1 1 41 0 0 0 0 0 1 0 1 81 14 0 0 0 0 1 2
1 0 3 1 0 60 0 0 1 0 0 2 0 1 18 2 0 1 0 0 1 2
0 0 2 0 1 49 0 0 0 0 0 2 0 1 27 6 0 0 0 0 1 2
1 0 3 1 0 0 0 0 1 0 0 2 0 1 18 2 0 1 0 0 1 2
0 0 4 0 0 0 0 0 0 0 0 1 4 1 37 5 0 0 0 0 1 3
0 0 2 0 0 0 0 0 0 0 0 0 1 1 25 5 0 0 0 0 1 2
1 0 2 1 0 185 0 0 1 0 0 1 1 1 19 3 0 1 0 0 1 2
0 0 7 0 0 0 0 0 0 2 0 5 2 1 24 6 0 0 0 0 1 3
1 0 2 1 0 150 0 0 1 0 0 1 1 1 19 3 0 1 0 0 2 2
1 0 2 1 0 194 0 0 1 0 0 1 1 1 19 3 0 1 0 0 1 2
0 0 16 0 0 0 0 0 0 2 0 10 0 1 136 19 0 0 0 0 1 3
1 0 2 1 0 166 0 0 1 0 0 1 1 1 19 3 0 1 0 0 3 2
0 0 2 0 0 241 0 0 0 0 0 0 0 0 27 3 0 0 0 0 1 3
0 0 1 0 0 0 0 0 0 0 0 0 0 0 38 3 0 0 0 0 1 3
0 0 1 0 0 29 0 0 0 0 0 0 0 1 19 4 0 1 0 0 1 2
1 0 2 1 0 150 0 0 1 0 0 1 1 1 19 4 0 1 0 0 1 2
0 0 4 0 0 0 0 0 0 1 0 1 2 0 30 3 0 0 0 0 2 3
0 0 1 0 0 0 0 0 0 0 0 0 0 0 217 3 0 0 0 0 1 3
0 0 1 0 0 419 0 0 0 0 0 0 0 1 65 6 0 0 0 0 1 3
0 0 358 0 0 171 356 0 0 0 0 2 358 0 50 3 0 0 0 0 1 2
0 0 1 0 1 631 0 0 0 0 0 0 1 1 17 7 0 0 0 0 2 2
1 0 0 1 0 46 0 0 0 0 0 0 0 1 70 4 0 0 0 0 5 3
0 0 5 0 0 24 2 0 0 1 0 0 0 0 58 3 0 0 0 0 1 2
0 0 7 0 0 10 0 0 0 2 0 4 0 1 40 20 0 0 0 0 1 3
1 0 2 1 0 150 0 0 1 0 0 1 1 1 19 3 0 0 0 0 1 2
1 0 2 1 0 187 0 0 1 0 0 1 1 1 19 3 0 1 0 0 1 2
0 0 11 0 0 72 0 0 0 2 0 1 3 1 27 3 0 1 0 0 1 2
0 0 8 0 1 0 0 0 0 1 0 2 2 1 89 11 0 0 0 0 4 2
0 0 2 0 1 271 0 0 1 0 0 1 1 1 19 3 0 1 0 0 2 2
0 0 16 0 0 0 0 0 0 3 0 5 4 0 50 3 0 0 0 0 1 3
1 0 2 1 0 150 0 0 1 0 0 1 1 1 19 3 0 1 0 0 1 2
0 0 4 0 0 117 0 0 0 2 0 2 2 0 45 3 0 0 0 0 1 3
0 0 2 0 0 0 0 0 0 0 0 2 0 1 28 16 0 0 0 0 2 3
0 0 1 0 0 0 0 0 0 0 0 0 0 1 49 5 0 0 0 0 3 3
0 0 1 0 1 109 0 0 0 0 0 0 1 1 36 10 0 0 0 1 1 2
0 0 1 0 0 288 0 0 0 1 0 0 0 1 41 21 0 0 0 1 1 2
0 0 3 0 0 0 0 0 0 0 0 2 3 1 25 13 0 0 0 0 1 3
0 0 6 0 0 20 0 0 0 1 0 1 5 1 95 8 0 0 0 0 1 3
0 0 9 0 0 71 2 0 0 2 0 3 3 0 109 3 0 0 0 0 2 2
0 0 2 0 0 175 0 0 1 0 0 1 1 1 19 3 0 1 0 0 1 2
0 0 15 0 0 156 1 0 0 4 0 8 6 1 31 9 0 0 0 0 6 2
1 0 2 1 0 164 0 0 1 0 0 1 1 1 19 3 0 1 0 0 1 2
0 0 14 0 0 32 0 0 0 1 0 6 4 1 66 14 0 0 0 0 3 2
0 0 4 0 0 20 0 0 0 0 0 0 0 0 31 7 0 0 0 0 1 3
0 0 2 0 0 175 0 0 1 0 0 1 1 1 19 3 0 1 0 0 1 2
0 0 15 0 0 109 0 0 0 4 0 8 6 1 31 9 0 0 0 0 7 2
0 0 29 0 0 0 1 0 0 5 0 16 5 0 45 3 0 0 0 0 1 2
0 0 2 0 0 18 0 0 0 0 0 0 1 1 40 2 0 0 0 1 1 2
1 0 2 1 1 196 0 0 1 0 0 1 1 1 19 3 0 1 0 0 1 2
0 0 2 0 0 150 0 0 1 0 0 1 1 1 19 3 0 1 0 0 1 2
0 0 3 0 0 0 0 0 0 0 0 2 3 0 98 3 0 0 0 0 1 3
0 0 2 0 0 170 0 0 1 0 0 1 1 1 19 3 0 1 0 0 2 2
0 0 7 0 0 0 1 0 0 0 0 2 2 1 21 3 0 1 0 0 1 2
0 0 1 0 0 45 0 0 0 0 0 0 0 1 20 4 0 1 0 0 1 2
1 0 2 1 0 407 0 0 1 0 0 1 1 1 19 3 0 1 0 0 2 2
0 0 10 0 0 45 0 0 8 1 0 0 1 1 41 16 0 0 0 1 1 2
0 0 2 0 0 150 0 0 1 0 0 1 1 1 19 3 0 1 0 0 3 2
1 0 2 1 1 390 0 0 1 0 0 1 1 1 19 3 0 1 0 0 1 2
0 0 1 0 0 29 0 0 0 0 0 0 0 1 19 5 0 1 0 0 1 2
0 0 79 0 1 114 60 0 0 2 0 6 75 0 44 3 0 0 0 0 5 3
1 0 2 1 0 150 0 0 1 0 0 1 1 1 19 3 0 1 0 0 1 2
0 0 15 0 0 0 0 0 0 3 0 8 1 1 31 11 0 0 0 0 1 3
1 0 2 1 0 184 0 0 1 0 0 1 1 1 19 3 0 1 0 0 1 2
0 0 2 0 0 165 0 0 0 0 0 0 0 1 26 7 0 0 0 0 1 2
0 0 2 0 1 40 2 0 0 0 0 2 0 1 35 8 0 0 0 0 1 2
0 0 4 0 0 6 0 0 0 0 0 0 0 0 35 7 0 0 0 0 1 3
0 0 3 0 0 0 0 0 0 0 0 2 2 1 86 11 0 0 0 0 1 3
0 0 2 0 0 187 0 0 1 0 0 1 1 1 19 3 0 1 0 0 1 2
0 0 4 0 0 0 0 0 0 0 0 2 3 0 79 3 0 0 0 0 1 3
0 0 2 0 0 184 0 0 1 0 0 1 1 1 19 3 0 1 0 0 1 2
1 0 2 1 0 266 0 0 1 0 0 1 1 1 19 3 0 1 0 0 1 2
0 0 2 0 0 38 0 0 1 0 0 2 0 1 18 2 0 1 0 0 1 2
0 0 4 0 0 234 0 0 0 2 0 1 0 1 79 36 0 0 0 1 1 2
0 0 5 0 0 63 0 0 0 1 0 2 1 1 24 13 0 0 0 0 5 2
0 0 2 0 0 31 0 0 0 0 0 2 0 1 20 3 0 0 1 0 1 2
0 0 17 0 0 43 1 0 0 1 0 8 3 1 44 20 0 0 0 0 4 2
0 0 2 0 0 212 0 0 1 0 0 1 1 1 19 4 0 1 0 0 2 2
0 0 1 0 0 123 0 0 0 0 0 1 0 1 18 1 0 0 0 0 1 2
0 0 2 0 0 540 0 0 0 1 0 1 0 0 38 3 0 0 0 0 1 3
0 0 2 0 0 279 0 0 0 0 0 0 0 0 27 3 0 0 0 0 1 3
0 0 4 0 0 178 0 0 0 0 0 3 3 0 30 3 0 0 0 0 1 3
0 0 1 0 0 0 0 0 0 0 0 0 0 1 21 3 0 1 0 0 1 2
0 0 3 0 1 0 0 0 0 1 0 1 0 0 79 3 0 0 0 0 1 2
0 0 1 0 0 160 0 0 0 0 0 0 0 0 38 3 0 0 0 0 2 3
0 0 5 0 0 0 0 0 0 2 0 1 0 1 77 8 0 0 0 1 1 2
0 0 3 1 0 0 0 0 1 0 0 2 1 1 18 2 0 1 0 0 5 2
1 0 2 1 0 62 0 0 1 0 0 0 0 1 18 2 0 1 0 0 1 2
0 0 1 0 1 510 0 0 0 0 0 0 0 1 41 8 0 0 0 0 1 2
0 0 8 0 1 1038 3 0 0 1 0 2 0 0 257 3 0 0 0 0 1 3
0 0 7 0 1 1888 3 0 0 1 0 2 0 0 260 3 0 0 0 0 1 3
0 0 8 0 1 2121 3 0 0 1 0 2 0 0 258 3 0 0 0 0 1 3
0 0 2 0 0 150 0 0 1 0 0 1 1 1 19 3 0 1 0 0 1 2
0 0 2 0 1 103 0 0 0 1 0 1 0 0 36 3 0 0 0 0 2 2
0 0 1 0 1 49 0 0 0 0 0 0 0 1 31 10 0 0 0 1 2 2
0 0 2 1 1 190 0 0 0 0 0 0 0 1 55 12 0 0 0 0 2 2
0 0 2 0 0 225 0 0 1 0 0 1 1 1 19 3 0 1 0 0 1 2
0 0 4 0 0 0 0 0 0 0 0 3 3 0 40 3 0 0 0 0 1 3
0 0 2 0 1 226 0 0 1 0 0 1 1 1 19 3 0 1 0 0 1 2
0 0 1 0 1 37 0 0 0 0 0 0 0 1 20 4 0 1 0 0 1 2
0 0 8 0 1 655 0 0 0 1 0 4 1 1 66 8 0 0 0 1 1 2
0 0 2 0 0 194 0 0 1 0 0 1 1 1 19 3 0 1 0 0 4 2
0 0 1 0 0 31 0 0 0 0 0 0 1 1 36 10 0 0 0 0 1 3
0 0 4 0 1 0 0 0 0 2 0 1 0 1 44 23 0 0 0 0 2 2
0 0 2 0 0 99 0 0 0 0 0 1 0 1 22 2 0 0 0 0 3 2
0 0 4 0 0 48 0 0 0 0 0 3 3 0 30 3 0 0 0 0 1 3
0 0 2 0 0 163 0 0 0 1 0 1 0 0 38 3 0 0 0 0 1 3
0 0 1 0 0 29 0 0 0 0 0 0 0 1 20 4 0 1 0 0 2 2
0 0 22 0 0 0 0 0 0 6 0 6 12 0 38 3 0 0 0 0 4 2
0 0 4 0 1 42 1 0 0 1 0 0 1 1 24 5 0 0 0 0 1 2
0 0 1 1 0 6 0 0 0 1 0 0 0 0 47 3 0 0 0 0 1 3
0 0 1 0 0 45 0 0 0 0 0 1 1 0 50 3 0 0 0 0 1 3
0 0 11 0 0 0 0 0 0 1 0 3 1 1 51 6 0 0 0 0 1 3
0 0 2 0 0 176 0 0 1 0 0 1 1 1 19 3 0 1 0 0 2 2
0 0 1 0 1 632 0 0 0 0 0 0 1 1 17 7 0 0 0 0 2 2
0 0 18 0 0 188 0 0 0 2 0 5 0 1 85 15 0 0 0 0 1 3
0 0 3 1 0 56 0 0 0 0 0 2 3 1 41 6 0 0 0 0 1 3
0 0 1 0 0 6 0 0 0 0 0 0 0 1 21 3 0 1 0 0 1 2
0 0 1 0 0 215 0 0 0 0 0 0 0 0 89 3 0 0 0 0 1 3
0 0 4 0 0 166 0 0 0 0 0 3 3 0 31 3 0 0 0 0 2 3
0 0 1 0 1 86 0 0 0 0 0 0 0 0 128 3 0 0 0 0 1 2
0 0 3 0 0 0 0 0 0 0 0 0 0 1 70 1 0 0 0 0 1 2
0 0 2 0 0 0 0 0 0 0 0 1 2 1 23 5 0 0 0 0 1 3
0 0 2 0 1 132 0 0 0 1 0 1 0 0 38 3 0 0 0 0 1 2
0 0 1 0 1 138 0 0 0 1 0 0 0 1 47 9 0 0 0 0 1 2
0 0 3 1 0 0 0 0 0 0 0 0 0 1 22 4 0 0 0 0 2 3
0 0 13 0 0 281 0 0 0 1 0 7 12 0 75 3 0 0 0 0 1 3
0 0 7 0 0 0 1 0 0 0 0 2 2 1 21 3 0 1 0 0 1 2
0 0 2 0 0 191 0 0 1 0 0 1 1 1 19 3 0 1 0 0 1 2
0 0 2 0 0 549 0 0 1 0 0 1 1 1 19 3 0 1 0 0 1 2
0 0 2 0 0 664 2 0 0 0 0 2 0 1 72 10 0 0 0 1 2 2
0 0 2 0 0 180 0 0 1 0 0 1 1 1 19 3 0 1 0 0 1 2
0 0 9 0 0 81 0 0 0 1 0 5 2 0 116 3 0 0 0 0 1 3
0 0 12 0 0 0 0 0 0 2 0 5 5 0 57 3 0 0 0 0 1 3
0 0 3 1 1 239 0 0 0 0 0 2 3 1 41 6 0 0 0 0 1 2
0 0 2 0 1 1246 2 0 0 0 0 2 0 1 81 11 0 0 0 0 1 2
0 0 2 0 0 194 0 0 1 0 0 1 1 1 19 3 0 1 0 0 1 2
0 0 2 0 0 0 0 0 0 2 0 1 0 0 80 3 0 0 0 0 1 3
0 0 2 0 0 68 0 0 1 0 0 1 0 1 18 2 0 1 0 0 1 2
0 0 1 0 1 512 0 0 0 0 0 0 0 1 41 8 0 0 0 0 1 2
1 0 2 1 0 0 0 0 1 0 0 0 0 1 18 2 0 1 0 0 1 2
0 0 7 0 0 368 0 0 0 1 0 2 0 1 36 15 0 0 0 1 1 2
0 0 2 0 0 171 0 0 1 0 0 1 1 1 19 3 0 1 0 0 1 2
0 0 1 0 0 62 0 0 0 0 0 0 0 1 20 4 0 1 0 0 1 2
0 0 2 0 0 150 0 0 1 0 0 1 1 1 19 3 0 1 0 0 1 2
0 0 3 0 0 74 3 0 0 0 0 3 0 1 27 16 0 0 0 1 1 2
0 0 8 0 0 0 0 0 0 0 0 2 4 1 78 10 0 0 0 0 1 3
0 0 2 0 0 159 0 0 1 0 0 1 1 1 19 3 0 1 0 0 1 2
0 0 2 0 0 0 2 0 0 0 0 2 0 1 39 13 0 0 0 0 1 2
0 0 4 0 0 159 0 0 0 0 0 2 1 1 27 9 0 0 0 1 2 2
0 0 1 0 1 105 1 0 0 0 0 1 0 1 39 14 0 0 0 0 1 2
0 0 6 0 0 69 1 0 0 2 0 1 0 1 84 7 0 0 0 0 3 2
0 0 2 0 0 194 0 0 1 0 0 1 1 1 19 3 0 1 0 0 1 2
0 0 1 0 0 54 0 0 0 0 0 0 0 1 20 4 0 1 0 0 1 2
0 0 15 0 0 0 0 0 7 0 0 5 6 0 110 3 0 0 0 0 2 3
0 0 3 0 0 61 0 0 0 0 0 1 0 1 35 3 0 0 0 0 3 3
1 0 0 1 0 0 0 0 0 0 0 0 0 1 22 2 0 0 0 0 1 3
0 0 3 0 0 0 0 0 0 2 0 1 1 1 21 3 0 1 0 0 1 2
0 0 1 0 0 365 0 0 0 0 0 1 1 0 21 3 0 0 0 0 1 3
0 0 2 0 0 205 0 0 1 0 0 1 1 1 19 3 0 1 0 0 2 2
0 0 8 0 0 0 0 0 0 2 0 4 3 0 27 3 0 0 0 0 1 3
0 0 4 0 0 0 1 0 0 0 0 2 4 1 30 2 0 0 0 0 1 2
0 0 2 0 1 53 0 0 0 0 0 0 1 0 30 3 0 0 0 0 1 2
0 0 6 0 0 13 0 0 0 1 0 4 3 1 42 15 0 0 0 0 1 3
0 0 2 0 0 183 0 0 1 0 0 1 1 1 19 3 0 1 0 0 1 2
0 0 2 0 0 105 0 0 0 1 0 1 0 0 38 3 0 0 0 0 1 3
0 0 3 0 0 340 0 0 0 1 0 0 0 1 30 7 0 0 0 0 2 3
0 0 2 0 0 0 0 0 0 0 0 1 0 1 26 7 0 0 1 0 3 2
1 0 2 1 0 0 0 0 0 0 0 0 2 1 59 6 0 0 0 0 1 3
0 0 5 0 0 20 0 0 0 0 0 0 0 0 58 3 0 0 0 0 1 3
0 0 1 0 0 245 0 0 0 0 0 0 0 1 35 14 0 0 0 0 1 3
0 0 2 0 1 60 2 0 0 0 0 2 0 1 34 10 0 0 0 0 1 2
0 0 11 0 1 43 0 0 0 2 0 2 1 1 19 7 0 0 0 1 2 2
0 0 7 0 0 0 0 0 0 1 0 5 0 1 46 13 0 0 0 0 3 3
0 0 1 0 0 125 0 0 0 0 0 0 0 0 39 3 0 0 0 0 2 3
0 0 1 0 0 19 0 0 1 0 0 0 0 1 19 3 0 1 0 0 2 2
0 0 1 0 0 77 0 0 0 0 0 0 0 0 23 3 0 1 0 0 1 2
0 0 2 0 0 186 0 0 1 0 0 1 1 1 19 3 0 1 0 0 1 2
0 0 7 0 0 0 0 0 0 2 0 4 0 1 40 19 0 0 0 0 1 3
0 0 8 0 1 97 0 0 0 0 0 2 3 0 88 3 0 0 0 0 1 2
0 0 8 0 0 90 1 0 0 2 0 5 2 0 44 3 0 0 0 0 1 2
0 0 2 1 0 530 0 0 2 0 0 0 2 1 30 12 0 0 0 1 1 2
0 0 2 0 0 187 0 0 1 0 0 1 1 1 19 3 0 1 0 0 1 2
1 0 2 1 1 183 0 0 1 0 0 1 1 1 19 3 0 1 0 0 1 2
0 0 12 0 0 0 0 0 0 1 0 1 0 1 32 11 0 0 0 0 1 3
0 0 14 0 0 0 0 0 0 2 0 10 0 1 33 12 0 0 0 1 1 2
1 0 2 1 0 194 0 0 1 0 0 1 1 1 19 3 0 1 0 0 1 2
0 0 3 0 0 0 0 0 0 0 0 2 3 1 41 7 0 0 0 0 1 3
1 0 2 1 0 188 0 0 1 0 0 1 1 1 19 3 0 1 0 0 1 2
0 0 7 0 0 45 3 0 0 4 0 0 0 1 40 8 0 0 0 1 1 2
0 0 2 0 0 0 0 0 0 0 0 0 1 1 25 5 0 0 0 0 1 3
1 0 2 1 0 166 0 0 1 0 0 1 1 1 19 3 0 1 0 0 1 2
0 0 12 0 0 199 0 0 0 5 0 3 4 0 117 3 0 0 0 0 3 2
0 0 4 0 0 0 0 0 0 1 0 1 0 0 55 3 0 0 0 0 1 3
0 0 5 0 0 786 1 0 0 1 0 3 4 1 64 11 0 0 0 0 2 2
0 0 1 0 0 85 0 0 0 0 0 0 0 0 199 3 0 0 0 0 2 3
0 0 10 0 0 0 0 0 0 3 0 6 4 1 31 9 0 0 0 0 2 3
0 0 10 0 1 117 1 0 0 0 0 4 4 1 83 12 0 0 0 0 3 1
0 0 35 0 1 184 0 0 1 2 0 21 0 1 40 20 0 0 0 0 3 1
0 0 1 1 0 6 0 0 0 1 0 0 0 0 68 3 0 0 0 0 1 3
0 0 15 0 0 94 1 0 0 4 0 8 6 1 31 9 0 0 0 0 1 2
0 3 1 0 0 6 0 0 0 0 0 0 1 1 34 17 0 0 0 0 1 3
0 0 1 0 1 6 0 0 0 0 0 0 0 1 33 10 0 0 0 1 1 2
0 0 5 0 1 0 0 0 0 1 0 4 2 1 52 26 0 0 0 1 6 2
0 0 10 0 0 0 0 0 0 2 0 5 4 1 82 9 0 0 0 1 1 2
0 0 0 0 0 0 0 0 0 0 0 0 0 1 21 3 0 1 0 0 1 2
0 0 2 0 0 97 0 0 0 1 0 1 0 0 38 3 0 0 0 0 1 3
0 0 2 0 0 0 0 0 0 0 0 0 1 1 25 5 0 0 0 0 1 3
0 0 6 0 0 222 0 0 0 2 0 1 0 1 89 15 0 0 0 1 1 2
0 0 1 0 0 89 0 0 0 0 0 0 0 1 21 4 0 1 0 0 1 2
1 0 2 1 0 166 0 0 1 0 0 1 1 1 19 3 0 1 0 0 1 2
0 0 3 0 0 0 0 0 0 1 0 1 2 0 32 3 0 0 0 0 1 3
1 0 2 1 0 169 0 0 1 0 0 1 1 1 19 3 0 1 0 0 1 2
1 0 2 1 0 181 0 0 1 0 0 1 1 1 19 3 0 1 0 0 1 2
1 0 2 1 0 169 0 0 1 0 0 1 1 1 19 3 0 1 0 0 1 2
0 0 4 0 1 63 0 0 0 2 0 1 0 1 35 5 0 0 0 0 1 2
0 0 2 0 0 124 0 0 0 1 0 0 0 1 41 17 0 0 0 1 1 2
0 0 1 0 0 125 0 0 0 1 0 0 0 1 41 17 0 0 0 1 1 2
0 0 2 0 0 0 0 0 0 1 0 1 0 0 38 3 0 0 0 0 1 3
0 0 6 0 0 4 0 0 0 2 0 2 0 1 20 3 0 0 1 0 1 2
0 0 10 0 0 0 0 0 0 1 0 3 1 1 55 6 0 0 0 0 1 3
1 0 2 1 0 8 0 0 1 0 0 0 0 1 18 2 0 1 0 0 1 2
0 0 3 0 1 63 0 0 0 0 0 2 3 0 56 3 0 0 0 0 1 2
0 0 4 0 0 239 0 0 0 2 0 1 0 1 37 16 0 0 0 0 1 3
0 0 28 0 0 0 0 0 0 2 0 22 0 1 36 16 0 0 0 1 2 2
0 0 1 0 0 0 0 0 0 0 0 0 0 1 39 4 0 0 0 1 1 2
0 0 7 0 0 166 1 0 0 3 0 1 0 1 85 7 0 0 0 0 2 2
0 0 35 0 1 157 0 0 1 2 0 21 0 1 42 21 0 0 0 0 1 3
0 0 5 0 0 198 0 0 0 0 0 2 5 1 93 25 0 0 0 0 1 3
0 0 4 0 0 0 0 0 0 0 0 0 0 0 33 3 0 0 0 0 1 3
1 0 2 1 0 150 0 0 1 0 0 1 1 1 19 3 0 1 0 0 1 2
2 0 16 1 0 129 2 0 0 9 0 7 0 1 32 12 0 0 0 0 1 2
0 0 2 0 0 125 0 0 0 1 0 0 0 1 41 17 0 0 0 1 1 2
0 0 3 0 1 129 3 0 0 0 0 3 0 1 29 10 0 0 0 0 1 2
1 0 2 1 1 305 0 0 1 0 0 1 1 1 19 3 0 1 0 0 1 2
0 0 4 0 0 94 1 0 0 1 0 3 3 1 21 3 0 1 0 0 1 2
0 0 3 0 0 0 0 0 0 0 0 1 3 0 20 3 0 0 0 0 1 3
0 0 2 0 1 134 0 0 0 2 0 0 0 0 63 3 0 0 0 0 1 2
1 0 2 1 0 184 0 0 1 0 0 1 1 1 19 3 0 1 0 0 1 2
0 0 3 0 0 0 0 0 0 0 0 0 2 1 48 23 0 0 0 0 1 3
1 0 2 1 0 207 0 0 1 0 0 1 1 1 19 3 0 1 0 0 1 2
0 0 43 0 0 16 0 0 0 2 0 31 0 1 32 12 0 0 0 0 1 3
0 0 5 0 0 12 0 0 0 2 0 1 0 1 20 3 0 0 1 0 1 1
0 0 2 0 1 677 0 0 1 0 0 1 1 1 19 3 0 1 0 0 1 2
0 0 8 0 0 0 0 0 0 2 0 2 1 1 91 26 0 0 0 0 1 3
1 0 2 1 0 326 0 0 1 0 0 1 1 1 19 3 0 1 0 0 1 2
0 0 1 0 0 117 0 0 0 0 0 1 0 1 20 3 0 0 1 0 1 2
0 0 15 0 0 0 0 0 0 1 0 5 5 0 100 3 0 0 0 0 2 3
0 0 6 0 0 46 0 0 0 0 0 2 4 1 51 6 0 0 0 0 1 3
0 0 4 0 0 0 0 0 0 0 0 3 3 0 30 3 0 0 0 0 1 3
0 0 13 0 1 0 0 0 0 4 0 9 5 0 59 3 0 0 0 0 1 3
0 0 12 0 0 0 0 0 0 1 0 1 0 1 26 7 0 0 1 0 1 2
0 0 5 0 0 0 1 0 0 1 0 3 4 0 72 3 0 0 0 0 1 3
0 0 2 0 0 0 0 0 0 0 0 2 2 1 34 6 0 0 0 0 1 3
0 0 7 0 0 0 0 0 0 1 0 2 1 0 31 3 0 0 0 0 5 2
0 0 11 0 0 94 0 0 0 3 0 4 1 0 30 3 0 0 0 0 1 3
0 0 5 0 0 52 0 0 1 0 0 2 3 0 45 3 0 0 0 0 2 3
1 0 0 1 0 44 0 0 0 0 0 0 0 1 51 4 0 0 0 0 3 3
0 0 6 0 0 154 0 0 0 0 0 0 1 1 35 11 0 0 0 0 2 3
0 0 1 0 0 25 0 0 1 0 0 0 0 1 19 3 0 1 0 0 1 2
0 0 7 0 0 196 0 0 0 1 0 2 1 0 31 3 0 0 0 0 1 3
0 0 17 0 0 110 0 0 0 2 0 5 12 1 19 2 0 0 0 0 1 2
0 0 10 0 0 92 3 0 1 0 0 3 7 1 29 7 0 0 0 0 1 2
0 0 2 0 0 0 0 0 2 0 0 0 0 1 46 14 0 0 0 1 1 2
0 0 3 0 0 11 0 0 2 0 0 1 1 1 177 4 0 0 0 0 1 3
0 0 10 0 0 92 0 0 0 0 0 3 7 1 29 7 0 0 0 0 1 3
0 0 4 0 1 0 0 0 0 0 0 0 0 0 89 3 0 0 0 0 1 2
0 0 1 0 1 0 0 0 0 0 0 0 0 1 153 4 0 0 0 0 1 3
0 0 6 0 0 212 0 0 1 1 0 2 3 0 61 3 0 0 0 0 2 3
0 0 1 0 0 0 0 0 0 1 0 1 1 0 48 3 0 0 0 0 1 3
0 0 4 0 0 14 0 0 0 0 0 0 1 0 38 3 0 0 0 0 1 3
0 0 10 0 0 90 0 0 0 0 0 3 7 1 29 7 0 0 0 0 1 3
0 0 2 0 0 58 0 0 0 1 0 0 0 1 26 7 0 0 1 0 1 2
1 0 2 1 0 57 0 0 0 0 0 0 2 1 80 6 0 0 0 0 1 3
0 0 13 0 0 49 0 0 0 1 0 3 3 0 39 3 0 0 0 0 1 3
0 0 2 1 0 0 0 0 1 0 0 1 0 1 18 2 0 1 0 0 4 2
0 0 8 0 0 77 0 0 0 2 0 5 2 0 88 3 0 0 1 0 1 2
0 0 5 0 1 0 0 0 0 0 0 3 3 0 30 3 0 0 0 0 1 1
0 0 4 0 0 64 0 0 0 1 0 1 2 1 20 3 0 0 1 0 4 2
0 0 1 0 0 0 0 0 0 0 0 0 0 0 48 3 0 0 0 0 1 3
0 0 1 0 0 0 0 0 0 0 0 0 0 1 76 12 0 0 0 0 1 3
0 0 7 0 0 0 0 0 0 1 0 4 3 1 76 10 0 0 0 0 1 3
0 0 6 0 0 66 0 0 0 2 0 2 0 1 32 6 0 0 0 0 1 3
0 0 2 0 0 64 0 0 0 0 0 0 0 1 35 6 0 0 0 0 1 3
1 0 1 1 0 0 0 0 0 0 0 0 0 0 283 3 0 0 0 0 1 3
1 0 1 1 0 0 0 0 0 0 0 0 0 0 268 3 0 0 0 0 1 3
0 0 1 0 0 25 0 0 0 0 0 1 0 1 32 8 0 0 0 0 1 3
0 0 37 0 0 51 0 0 0 2 0 17 0 1 41 21 0 0 0 0 1 3
0 0 4 0 0 0 0 0 0 1 0 1 0 1 153 15 0 0 0 0 1 3
0 0 3 1 0 12 0 0 1 0 0 2 0 1 18 2 0 1 0 0 1 2
0 0 1 0 0 24 0 0 0 1 0 1 0 1 19 4 0 1 0 0 1 2
0 0 1 0 0 34 0 0 0 1 0 1 0 1 39 4 0 1 0 0 1 2
0 0 2 0 0 168 0 0 1 0 0 1 1 1 19 4 0 1 0 0 1 2
0 0 1 0 1 768 0 0 1 0 0 0 0 0 112 3 0 0 0 0 1 2
0 0 1 0 1 960 0 0 1 0 0 0 0 1 42 18 0 0 0 0 1 2
1 0 0 1 0 50 0 0 0 0 0 0 0 1 58 4 0 0 0 0 1 3
0 0 3 0 1 24 0 0 0 0 0 2 2 1 20 3 0 0 1 0 1 2
1 0 5 1 0 0 0 0 0 1 0 1 0 1 82 27 0 0 0 0 1 3
0 0 4 0 0 26 0 0 0 0 0 3 3 0 38 3 0 0 0 0 1 3
0 0 10 0 0 85 0 0 0 1 0 6 3 1 133 19 0 0 0 0 1 3
0 0 1 1 0 6 0 0 0 1 0 0 0 0 49 3 0 0 0 0 1 3
0 0 3 1 0 41 0 0 1 0 0 2 0 1 18 2 0 1 0 0 1 2
1 0 0 1 0 75 0 0 0 0 0 0 0 0 117 3 0 0 0 0 1 3
1 0 3 1 0 24 0 0 1 0 0 2 0 1 18 2 0 1 0 0 1 2
0 0 5 0 0 82 0 0 0 0 0 1 1 0 70 3 0 0 0 0 1 3
0 0 7 0 0 85 0 0 0 1 0 2 1 0 31 3 0 0 0 0 1 3
0 0 13 0 1 75 0 0 0 4 0 10 4 0 108 3 0 0 0 0 1 3
1 0 3 1 0 162 0 0 0 0 0 0 1 1 36 13 0 0 0 0 2 3
1 0 0 1 0 16 0 0 0 0 0 0 0 1 57 4 0 0 0 0 1 3
0 0 4 0 0 1001 0 0 0 1 0 1 2 0 36 3 0 0 0 0 1 3
1 0 1 1 1 0 0 0 0 0 0 0 0 0 380 3 0 0 0 0 1 2
0 0 9 0 0 84 2 0 1 2 0 6 5 0 70 3 0 0 0 0 1 1
0 0 7 0 0 0 0 0 0 0 0 1 1 1 115 14 0 0 0 0 1 3
1 0 0 1 0 38 0 0 0 0 0 0 0 1 51 4 0 0 0 0 1 3
0 0 1 0 0 22 0 0 1 0 0 0 0 1 19 3 0 1 0 0 1 2
0 0 12 0 0 87 0 0 0 2 0 5 4 1 20 3 0 0 1 0 1 2
0 0 2 0 0 0 0 0 0 0 0 0 1 0 40 3 0 0 0 0 1 2
0 0 5 0 0 0 0 0 0 0 0 0 1 0 111 3 0 0 0 0 1 3
0 0 3 1 0 77 0 0 1 0 0 1 0 1 18 2 0 1 0 0 1 2
1 0 2 1 0 48 0 0 1 0 0 0 0 1 18 2 0 1 0 0 1 2
0 0 2 0 0 5 0 0 0 0 0 2 2 1 32 4 0 0 0 0 1 3
0 0 8 0 1 48 1 0 0 1 0 0 3 1 41 5 0 0 0 1 1 2
0 0 1 0 0 6 0 0 0 0 0 0 0 1 32 7 0 0 0 0 1 3
0 0 3 0 0 0 0 0 0 0 0 0 0 0 42 3 0 0 0 0 1 3
0 0 7 0 1 0 0 0 0 2 0 6 2 1 158 2 0 0 0 1 4 2
0 0 5 0 0 191 0 0 0 0 0 3 4 0 42 3 0 0 0 0 1 3
0 0 5 0 0 0 1 0 0 1 0 3 4 0 72 3 0 0 0 0 1 3
0 0 3 1 0 0 0 0 0 0 0 1 0 1 37 14 0 0 0 0 2 3
0 0 6 0 0 0 0 0 0 0 0 1 0 0 398 3 0 0 0 0 1 3
0 0 11 0 0 35 0 0 0 1 0 4 3 0 28 3 0 0 0 0 1 3
0 0 1 1 0 0 0 0 0 0 0 1 1 1 35 3 0 0 0 0 1 3
0 0 6 0 0 0 0 0 0 0 0 2 3 1 22 2 0 0 0 0 1 2
0 0 6 0 0 0 0 0 0 1 0 2 2 0 46 3 0 0 0 0 1 3
0 0 4 0 0 277 0 0 0 0 0 3 3 1 20 10 0 0 0 0 1 3
0 0 6 0 0 52 0 0 0 0 0 3 3 1 86 12 0 0 0 0 1 3
1 0 2 1 0 89 0 0 1 0 0 0 0 1 18 2 0 1 0 0 1 2
0 0 10 0 0 0 0 0 0 2 0 6 4 0 103 3 0 0 0 0 1 3
0 0 3 0 0 0 0 0 0 0 0 0 2 1 20 3 0 0 1 0 1 1
0 0 15 0 0 0 0 0 0 1 0 5 5 0 83 3 0 0 0 0 1 3
0 0 1 0 0 0 0 0 0 0 0 0 0 0 40 3 0 0 0 0 1 3
0 0 2 0 0 36 0 0 0 0 0 2 0 1 20 3 0 0 1 0 2 3
0 0 4 0 0 0 0 0 0 0 0 2 2 1 33 9 0 0 0 0 1 3
0 0 1 0 0 6 0 0 0 0 0 0 0 1 32 7 0 0 0 0 1 3
0 0 1 0 0 13 0 0 0 0 0 0 1 0 39 3 0 0 0 0 1 3
0 0 1 0 0 6 0 0 0 0 0 0 0 1 34 11 0 0 0 0 1 3
0 0 2 0 0 0 0 0 0 0 0 2 2 1 154 3 0 0 0 0 1 3
0 0 14 0 0 47 0 0 0 1 0 7 11 0 77 3 0 0 0 0 1 3
0 0 10 0 0 91 0 0 0 0 0 3 7 1 29 7 0 0 0 0 1 3
0 0 4 0 0 0 0 0 0 0 0 3 4 0 69 3 0 0 0 0 2 3
0 0 1 0 1 30 0 0 0 0 0 0 0 1 33 10 0 0 0 1 4 2
0 0 6 0 1 461 0 0 0 1 0 1 0 1 220 9 0 0 0 0 1 2
0 0 1 0 1 64 0 0 0 0 0 0 0 1 39 5 0 0 0 0 1 2
0 0 8 0 0 0 0 0 0 1 0 1 0 0 69 3 0 0 0 0 1 3
0 0 8 0 1 0 0 0 0 0 0 1 0 0 114 3 0 0 0 0 1 3
0 0 4 0 0 59 0 0 0 0 0 0 0 0 35 7 0 0 0 0 1 3
0 0 14 0 0 61 0 0 0 1 0 7 6 1 21 3 0 1 0 0 1 2
0 0 15 1 0 0 1 0 0 3 0 2 0 0 155 3 0 0 0 0 1 3
0 0 0 0 1 622 0 0 0 0 0 0 0 1 34 22 0 0 0 1 1 2
0 0 5 0 0 24 0 0 0 2 0 1 0 1 32 6 0 0 0 0 2 3
0 0 3 1 0 0 0 0 1 0 0 1 0 1 18 2 0 1 0 0 1 2
0 0 6 0 0 0 0 0 0 0 0 2 3 1 21 3 0 1 0 0 1 2
0 0 3 0 0 106 0 0 0 0 0 0 0 0 73 3 0 0 0 0 1 3
1 0 1 1 0 0 0 0 0 1 0 1 0 0 90 3 0 0 0 0 1 3
1 0 1 1 0 625 0 0 0 0 0 1 0 1 20 3 0 0 1 0 1 2
0 0 27 0 1 0 8 0 0 8 0 4 5 0 73 3 0 0 0 0 1 2
0 0 8 0 0 162 0 0 0 2 0 2 2 1 39 19 0 0 0 1 2 2
0 0 14 0 1 0 1 0 0 2 0 4 5 0 105 3 0 0 0 0 1 3
0 0 5 0 0 0 0 0 1 0 0 1 0 1 58 10 0 0 0 0 3 3
0 0 15 0 0 699 0 0 0 1 0 6 6 0 64 3 0 0 0 0 2 3
0 0 11 0 0 0 0 0 0 6 0 9 3 0 120 3 0 0 0 0 1 3
0 0 0 0 0 45 0 0 0 0 0 0 0 0 107 3 0 0 0 0 1 3
0 0 10 0 0 0 0 0 0 0 0 0 0 1 20 3 0 0 1 0 1 1
0 0 3 0 0 76 0 0 0 0 0 2 3 1 204 16 0 0 0 0 2 3
0 0 3 0 1 0 0 0 0 3 0 0 0 1 63 26 0 0 0 1 1 2
0 2 6 0 0 56 0 0 0 0 0 0 0 1 13 3 0 0 0 1 1 2
0 0 2 0 0 103 0 0 0 0 0 0 0 1 32 12 0 0 0 0 1 3
0 0 2 0 1 21 0 0 0 0 0 2 2 1 36 10 0 0 0 1 1 2
0 0 11 0 1 0 0 0 0 1 0 2 2 0 72 3 0 0 0 0 3 2
0 0 2 0 0 72 0 0 0 1 0 0 0 1 27 16 0 0 0 0 7 3
0 0 5 0 0 15 0 0 0 1 0 3 3 0 48 3 0 0 0 0 1 3
0 0 13 0 0 47 0 0 0 1 0 6 6 1 20 3 0 0 1 0 1 1
0 0 10 0 1 39 0 0 0 1 0 6 3 0 60 3 0 0 0 0 1 3
0 0 15 0 0 132 0 0 0 1 0 8 6 1 35 7 0 0 1 0 1 1
1 0 1 1 1 14 0 0 0 0 0 1 0 1 20 3 0 0 1 0 1 3
0 0 1 0 1 32 0 0 0 0 0 1 1 0 102 3 0 0 0 0 1 3
0 0 2 0 0 4 0 0 0 0 0 2 2 1 52 10 0 0 0 0 1 3
1 0 0 1 0 0 0 0 0 0 0 0 0 1 20 3 0 0 1 0 1 1
0 0 22 0 1 0 0 0 0 2 0 7 8 1 84 12 0 0 0 0 1 2
0 0 3 0 0 114 0 0 0 1 0 1 0 1 32 3 0 0 0 0 1 3
0 0 14 0 0 32 0 0 0 1 0 7 7 0 80 3 0 0 0 0 1 3
0 0 16 0 0 145 2 0 0 5 0 4 0 1 128 5 0 0 0 0 1 2
0 0 10 0 0 0 0 0 0 1 0 8 4 1 52 9 0 0 0 0 1 3
1 0 0 1 0 0 0 0 0 0 0 0 0 1 52 4 0 0 0 0 1 3
0 0 15 0 0 109 3 0 0 2 0 3 6 1 33 8 0 0 0 0 1 3
0 0 3 0 1 168 0 0 0 0 0 2 2 1 31 4 0 0 0 1 1 2
1 0 0 1 0 0 0 0 0 0 0 0 0 1 35 4 0 0 0 0 2 3
0 0 1 0 0 0 0 0 0 0 0 1 0 1 33 8 0 0 0 0 1 3
1 0 2 1 0 0 0 0 1 0 0 1 0 1 18 2 0 1 0 0 1 2
0 0 5 0 0 11 0 0 0 1 0 3 3 0 80 3 0 0 0 0 1 3
0 0 2 0 0 103 0 0 0 0 0 0 0 1 32 12 0 0 0 0 1 3
0 0 5 0 0 30 0 0 0 2 0 1 0 1 32 6 0 0 0 0 1 3
0 0 6 0 0 34 0 0 0 2 0 2 0 1 32 6 0 0 0 0 1 3
0 0 2 0 0 52 0 0 0 0 0 2 2 1 41 6 0 0 0 0 1 2
1 0 1 1 0 8 0 0 0 0 0 1 0 1 20 3 0 0 1 0 1 3
0 0 2 0 1 33 0 0 0 0 0 1 0 1 28 9 0 0 0 0 2 2
0 0 3 0 0 0 0 0 0 0 0 2 2 1 31 4 0 0 0 1 1 2
1 0 1 1 1 327 0 0 0 0 0 1 0 1 20 3 0 0 1 0 1 3
0 0 4 0 0 0 0 0 0 0 0 0 1 1 97 10 0 0 0 1 1 2
0 0 0 0 0 68 0 0 0 0 0 0 0 1 34 9 0 0 0 1 1 2
0 0 8 0 0 126 2 0 0 1 0 1 0 1 94 8 0 0 0 0 1 1
0 0 10 0 1 0 1 0 1 1 0 5 5 1 77 9 0 0 0 0 1 3
0 0 1 0 0 21 0 0 0 0 0 0 0 1 41 5 0 0 0 0 1 3
0 0 1 0 0 0 0 0 0 0 0 0 0 1 41 5 0 0 0 0 1 3
0 0 1 0 0 0 0 0 0 0 0 0 1 1 36 10 0 0 0 1 1 2
0 0 9 0 1 27 1 0 0 1 0 4 5 1 90 7 0 0 0 0 1 1
0 0 3 1 0 0 0 0 0 1 0 0 0 0 35 3 0 0 0 0 1 3
0 0 3 0 0 276 0 0 0 0 0 2 3 0 99 3 0 0 0 0 1 3
0 0 12 0 0 0 1 0 0 3 0 4 3 0 72 3 0 0 0 0 1 2
0 0 1 0 0 23 0 0 0 0 0 1 0 1 33 8 0 0 0 0 1 3
0 0 9 0 0 67 2 0 0 3 0 4 4 0 169 3 0 0 0 0 1 2
0 0 13 0 0 26 0 0 0 2 0 6 0 1 37 17 0 0 0 0 1 3
1 0 0 1 0 0 0 0 0 0 0 0 0 1 98 4 0 0 0 0 1 3
0 0 10 0 0 64 0 0 0 1 0 9 0 1 80 7 0 0 0 0 1 3
0 0 9 0 0 0 0 0 0 2 0 3 0 1 83 13 0 0 0 0 1 3
0 0 1 0 0 0 0 0 0 0 0 0 1 0 35 3 0 0 0 0 1 3
0 0 25 0 0 0 2 0 0 9 0 7 3 0 74 3 0 0 0 0 1 3
0 0 5 0 0 0 0 0 2 0 0 4 2 1 35 23 0 0 0 0 1 3
0 0 3 0 0 16 0 0 0 0 0 2 3 0 34 3 0 0 0 0 1 3
0 0 1 0 1 87 0 0 0 0 0 1 0 1 20 3 0 0 1 0 1 3
0 0 12 0 0 0 0 0 0 4 0 2 2 1 47 7 0 0 0 0 1 3
0 0 3 0 1 0 0 0 0 0 0 3 3 1 118 11 0 0 0 0 1 2
0 0 2 0 0 0 0 0 1 0 0 0 0 1 18 2 0 1 0 0 1 2
0 0 4 0 0 0 0 0 0 0 0 3 3 1 30 12 0 0 0 0 1 3
0 0 1 0 1 326 0 0 0 0 0 1 0 1 40 14 0 0 0 0 1 3
1 0 2 1 0 60 0 0 0 0 0 0 2 1 75 6 0 0 0 0 1 3
0 0 1 0 0 155 0 0 0 0 0 1 0 1 33 8 0 0 0 0 1 3
0 0 5 0 0 45 0 0 0 0 0 3 3 0 53 3 0 0 0 0 1 3
0 0 13 0 0 0 1 0 8 0 0 4 3 1 23 11 0 0 0 0 1 2
1 0 0 1 0 0 0 0 0 0 0 0 0 1 63 4 0 0 0 0 1 3
0 0 5 0 0 25 0 0 0 1 0 4 2 0 82 3 0 0 0 0 1 3
0 0 6 0 0 20 0 0 0 1 0 2 3 0 43 3 0 0 0 0 1 3
0 0 1 0 0 0 0 0 1 0 0 1 0 0 123 3 0 0 0 0 1 3
0 0 5 0 0 0 0 0 0 1 0 3 3 0 48 3 0 0 0 0 1 3
0 0 3 0 1 23 0 0 0 0 0 3 3 1 104 11 0 0 0 0 1 2
0 0 1 0 1 34 0 0 0 0 0 0 0 1 18 3 0 0 0 1 1 2
0 0 8 0 0 0 2 0 0 3 0 1 2 0 60 3 0 0 0 0 1 2
1 0 0 1 1 37 0 0 0 0 0 0 0 1 49 4 0 0 0 0 1 2
0 0 2 0 0 0 0 0 0 0 0 0 0 1 29 16 0 0 0 0 2 3
0 0 3 0 0 0 0 0 0 0 0 0 0 1 21 3 0 1 0 0 1 2
0 0 18 0 1 91 0 0 2 1 0 7 5 1 20 3 0 0 1 0 1 2
1 0 0 1 1 8 0 0 0 0 0 0 0 1 49 4 0 0 0 0 1 3
0 0 4 0 0 0 0 0 0 0 0 0 0 0 45 7 0 0 0 0 1 3
1 0 0 1 1 0 0 0 0 0 0 0 0 1 49 4 0 0 0 0 1 2
1 0 0 1 1 67 0 0 0 0 0 0 0 1 49 4 0 0 0 0 1 2
1 0 0 1 1 48 0 0 0 0 0 0 0 1 49 4 0 0 0 0 1 2
1 0 0 1 1 67 0 0 0 0 0 0 0 1 49 4 0 0 0 0 1 2
1 0 0 1 1 8 0 0 0 0 0 0 0 1 49 4 0 0 0 0 1 2
1 0 0 1 1 0 0 0 0 0 0 0 0 1 49 4 0 0 0 0 1 2
1 0 0 1 1 0 0 0 0 0 0 0 0 1 49 4 0 0 0 0 1 2
1 0 0 1 1 25 0 0 0 0 0 0 0 1 49 4 0 0 0 0 1 2
1 0 0 1 1 11 0 0 0 0 0 0 0 1 49 4 0 0 0 0 1 2
1 0 0 1 0 233 0 0 0 0 0 0 0 1 51 4 0 0 0 0 1 3
1 0 0 1 1 19 0 0 0 0 0 0 0 1 49 4 0 0 0 0 1 2
1 0 0 1 1 11 0 0 0 0 0 0 0 1 49 4 0 0 0 0 1 2
1 0 0 1 1 11 0 0 0 0 0 0 0 1 49 4 0 0 0 0 1 2
1 0 0 1 1 77 0 0 0 0 0 0 0 1 49 4 0 0 0 0 1 2
0 0 3 0 1 77 0 0 0 0 0 2 2 1 41 8 0 0 0 1 1 2
1 0 0 1 1 48 0 0 0 0 0 0 0 1 49 4 0 0 0 0 1 2
1 0 0 1 1 0 0 0 0 0 0 0 0 1 49 4 0 0 0 0 1 2
1 0 0 1 1 0 0 0 0 0 0 0 0 1 49 4 0 0 0 0 1 2
1 0 0 1 1 58 0 0 0 0 0 0 0 1 49 4 0 0 0 0 1 2
1 0 0 1 1 67 0 0 0 0 0 0 0 1 49 4 0 0 0 0 1 2
1 0 0 1 1 25 0 0 0 0 0 0 0 1 49 4 0 0 0 0 1 2
1 0 0 1 1 77 0 0 0 0 0 0 0 1 49 4 0 0 0 0 1 2
1 0 0 1 1 0 0 0 0 0 0 0 0 1 49 4 0 0 0 0 1 2
1 0 0 1 1 37 0 0 0 0 0 0 0 1 49 4 0 0 0 0 1 2
1 0 0 1 1 25 0 0 0 0 0 0 0 1 49 4 0 0 0 0 1 2
1 0 0 1 1 0 0 0 0 0 0 0 0 1 49 4 0 0 0 0 1 2
0 0 4 0 0 79 0 0 0 0 0 0 0 0 28 7 0 0 0 0 1 3
0 0 1 0 0 95 0 0 1 0 0 1 0 1 23 7 0 0 0 0 1 3
0 0 3 0 0 76 0 0 0 0 0 2 3 1 22 3 0 0 0 0 14 2
0 0 2 0 0 200 0 0 1 0 0 1 1 1 20 3 0 1 0 0 5 2
0 0 4 0 0 5 0 0 0 0 0 0 0 0 34 7 0 0 0 0 5 3
0 0 1 0 0 0 0 0 0 0 0 1 0 1 43 14 0 0 0 0 5 3
0 0 9 0 0 34 0 0 0 0 0 0 0 1 23 7 0 0 0 0 5 3
0 0 1 0 0 0 0 0 0 0 0 0 0 1 49 6 0 0 0 0 30 3
0 0 2 0 0 150 0 0 1 0 0 1 1 1 20 3 0 1 0 0 5 2
0 0 4 0 0 0 0 0 0 0 0 0 0 0 30 7 0 0 0 0 5 3
0 0 4 0 0 0 0 0 0 0 0 0 0 0 31 7 0 0 0 0 29 3
1 0 2 1 0 177 0 0 1 0 0 1 1 1 20 3 0 1 0 0 5 2
0 0 4 0 0 0 0 0 0 0 0 0 0 0 30 7 0 0 0 0 5 3
0 0 4 0 0 29 0 0 0 0 0 0 0 0 30 7 0 0 0 0 5 3
0 0 4 0 0 0 0 0 0 0 0 0 0 0 32 7 0 0 0 0 5 3
0 0 4 0 0 36 0 0 0 0 0 0 0 0 34 7 0 0 0 0 5 3
0 0 4 0 0 0 0 0 0 0 0 0 0 0 29 7 0 0 0 0 28 3
0 0 4 0 0 0 0 0 0 1 0 2 0 1 77 10 0 0 0 0 10 3
0 0 4 0 0 2 0 0 0 0 0 0 0 0 32 7 0 0 0 0 5 3
0 0 4 0 0 45 0 0 0 0 0 0 0 0 27 7 0 0 0 0 5 3
0 0 4 0 0 0 0 0 0 0 0 0 0 0 31 7 0 0 0 0 14 3
0 0 4 0 0 32 0 0 0 0 0 0 0 0 31 7 0 0 0 0 19 3
0 0 4 0 0 0 0 0 0 0 0 0 0 0 30 7 0 0 0 0 5 3
0 0 11 0 1 79 0 0 0 1 0 6 5 1 101 11 0 0 0 0 5 2
0 0 2 0 1 20 0 0 0 0 0 1 2 1 23 5 0 0 0 0 10 2
0 0 4 0 0 10 0 0 0 0 0 0 0 0 35 7 0 0 0 0 5 3
0 0 1 0 0 307 0 0 0 0 0 0 0 1 26 7 0 0 1 0 5 2
0 0 1 0 0 134 0 0 0 1 0 1 0 1 19 4 0 1 0 0 1 2
0 0 4 0 0 0 0 0 0 0 0 0 0 0 31 7 0 0 0 0 5 3
0 0 2 0 0 150 0 0 1 0 0 1 1 1 20 3 0 1 0 0 10 2
0 0 7 0 0 0 0 0 0 1 0 4 3 1 115 4 0 0 0 0 4 2
0 0 4 0 0 0 0 0 0 0 0 0 0 0 30 7 0 0 0 0 23 3
0 0 3 0 0 62 1 0 0 0 0 1 0 1 81 4 0 0 0 0 5 2
0 0 3 0 0 39 0 0 0 0 0 0 0 0 59 3 0 0 0 0 5 3
0 0 4 0 0 0 0 0 0 0 0 0 0 0 31 7 0 0 0 0 13 3
0 0 1 1 0 0 0 0 0 0 0 1 1 1 35 3 0 0 0 0 5 2
0 0 42 0 0 0 9 0 0 19 0 8 10 0 91 3 0 0 0 0 4 2
0 0 15 0 0 0 2 0 0 2 0 3 4 1 134 2 0 0 0 0 5 1
0 0 21 0 1 0 0 0 0 2 0 4 3 1 82 17 0 0 0 0 10 3
0 0 4 0 0 0 0 0 0 0 0 0 0 0 28 7 0 0 0 0 10 3
0 0 4 0 0 0 0 0 0 0 0 0 0 0 28 7 0 0 0 0 5 3
0 0 4 0 0 6 0 0 0 0 0 0 0 0 30 7 0 0 0 0 5 3
0 0 4 0 0 47 0 0 0 1 0 1 2 0 32 3 0 0 0 0 10 2
0 0 4 0 0 0 0 0 0 0 0 0 0 0 30 7 0 0 0 0 5 3
0 0 7 0 0 59 0 0 0 2 0 1 0 0 83 3 0 0 0 0 5 3
0 0 4 0 0 17 0 0 0 0 0 3 3 0 43 3 0 0 0 0 5 2
1 0 2 1 0 169 0 0 1 0 0 1 1 1 21 3 0 1 0 0 5 2
0 0 1 0 0 237 0 0 0 0 0 0 0 1 21 3 0 1 0 0 5 2
0 0 3 0 0 154 0 0 0 1 0 0 1 1 28 7 0 0 1 0 14 2
0 0 1 0 1 186 0 0 0 0 0 1 0 1 23 11 0 0 0 0 20 2
0 0 2 0 0 87 0 0 0 0 0 0 1 0 60 3 0 0 0 0 5 2
0 0 1 0 0 13 0 0 0 0 0 0 0 1 20 5 0 1 0 0 5 2
0 0 12 0 0 70 0 0 0 3 0 6 4 1 56 9 0 0 0 0 20 2
0 0 18 0 0 0 0 0 0 2 0 8 0 0 25 3 0 0 0 0 10 3
1 0 2 1 0 177 0 0 1 0 0 1 1 1 20 3 0 1 0 0 5 2
0 0 3 0 0 0 0 0 0 1 0 1 0 1 33 9 0 0 0 0 3 3
1 0 2 1 0 177 0 0 1 0 0 1 1 1 18 2 0 1 0 0 10 2
0 0 3 0 0 0 0 0 0 1 0 1 0 1 87 14 0 0 0 0 10 3
0 0 6 0 0 0 0 0 0 2 0 1 0 1 70 13 0 0 0 0 5 3
0 0 23 0 0 162 8 0 0 13 0 3 1 1 93 11 0 0 0 0 15 2
1 0 2 1 0 178 0 0 1 0 0 1 1 1 20 3 0 1 0 0 5 2
0 2 4 0 0 28 0 0 0 0 0 0 0 0 31 7 0 0 0 0 5 3
0 0 4 0 0 0 0 0 0 0 0 0 0 0 36 7 0 0 0 0 10 3
0 0 4 0 0 0 0 0 0 0 0 0 0 0 29 7 0 0 0 0 10 3
0 0 4 0 0 27 0 0 0 0 0 0 0 0 28 7 0 0 0 0 10 3
0 0 4 0 0 25 0 0 0 0 0 0 0 0 27 7 0 0 0 0 5 3
0 0 4 0 0 17 0 0 0 0 0 0 0 0 30 7 0 0 0 0 10 3
1 0 2 1 0 238 0 0 1 0 0 1 1 1 20 3 0 1 0 0 5 2
0 0 5 0 0 0 1 0 0 0 0 2 2 0 29 3 0 0 0 0 5 2
0 0 10 0 0 19 0 0 0 0 0 5 6 0 183 3 0 0 0 0 5 2
0 0 1 0 0 0 0 0 0 1 0 0 0 0 36 3 0 0 0 0 5 3
0 0 4 0 0 0 0 0 0 0 0 0 0 0 31 7 0 0 0 0 5 3
0 0 5 0 0 0 0 0 0 0 0 0 0 0 58 7 0 0 0 0 5 3
0 0 1 0 0 0 0 0 0 0 0 0 1 1 36 10 0 0 0 1 5 2
0 0 1 0 0 30 0 0 0 0 0 1 0 1 20 3 0 0 1 0 5 3
0 0 3 0 1 486 1 0 0 0 0 2 3 0 164 3 0 0 0 0 5 2
1 0 2 1 0 167 0 0 1 0 0 1 1 1 20 3 0 1 0 0 5 2
1 0 2 1 0 150 0 0 1 0 0 1 1 1 20 3 0 1 0 0 4 2
0 0 1 0 0 10 0 0 0 0 0 1 0 1 28 3 0 1 0 0 1 2
0 0 1 0 0 30 0 0 0 0 0 0 0 1 20 5 0 1 0 0 2 2
0 0 2 0 0 182 0 0 1 0 0 1 1 1 19 3 0 1 0 0 1 2
0 0 2 0 0 196 0 0 1 0 0 1 1 1 21 3 0 1 0 0 1 2
1 0 2 1 0 150 0 0 1 0 0 1 1 1 20 3 0 1 0 0 2 2
0 0 1 0 0 39 0 0 0 1 0 1 0 1 59 4 0 1 0 0 1 2
1 0 2 1 0 190 0 0 1 0 0 1 1 1 20 3 0 1 0 0 1 2
0 0 5 0 1 377 0 0 0 2 0 4 3 1 116 3 0 1 0 0 1 2
1 0 2 1 0 150 0 0 1 0 0 1 1 1 25 3 0 1 0 0 1 2
1 0 2 1 0 150 0 0 1 0 0 1 1 1 19 3 0 1 0 0 1 2
1 0 2 1 0 150 0 0 1 0 0 1 1 1 19 3 0 1 0 0 1 2
1 0 2 1 0 192 0 0 1 0 0 1 1 1 19 3 0 1 0 0 1 2
0 0 4 0 0 70 0 0 0 1 0 3 3 1 25 3 0 1 0 0 1 2
0 0 10 0 0 0 0 0 0 2 0 7 4 1 29 12 0 0 0 0 1 3
1 0 2 1 1 174 0 0 1 0 0 1 1 1 19 3 0 1 0 0 1 2
1 0 2 1 0 150 0 0 1 0 0 1 1 1 19 3 0 1 0 0 1 2
0 0 4 0 0 0 0 0 0 0 0 3 3 1 28 12 0 0 0 0 1 3
1 0 2 1 0 150 0 0 1 0 0 1 1 1 17 1 0 1 0 0 1 2
0 0 2 0 0 150 0 0 1 0 0 1 1 1 34 1 0 1 0 0 1 2
1 0 2 1 0 171 0 0 1 0 0 1 1 1 19 3 0 1 0 0 1 2
0 0 2 0 0 150 0 0 1 0 0 1 1 1 19 3 0 1 0 0 1 2
0 0 2 0 0 150 0 0 1 0 0 1 1 1 20 3 0 1 0 0 1 2
1 0 2 1 0 163 0 0 1 0 0 1 1 1 20 3 0 1 0 0 1 2
